Participant	Activity	OC_METs	TimeSec	Mean_AGhipX	Mean_AGhipY	Mean_AGhipZ	Var_AGhipX	Var_AGhipY	Var_AGhipZ
1	Transition	0	30	0.03	-1.01	0.23	0.05	0.08	0.01
1	WalkTreadmill	0	60	0.05	-1.01	0.23	0.12	0.23	0.03
1	WalkTreadmill	0	90	0.05	-1.01	0.23	0.12	0.23	0.03
1	WalkTreadmill	0	120	0.05	-1.01	0.24	0.12	0.22	0.03
1	WalkTreadmill	0	150	0.06	-1	0.24	0.12	0.2	0.03
1	WalkTreadmill	0	180	0.06	-1.01	0.24	0.12	0.21	0.03
1	WalkTreadmill	0	210	0.06	-1.01	0.24	0.12	0.21	0.03
1	WalkTreadmill	0	240	0.06	-1.01	0.23	0.12	0.21	0.03
1	WalkTreadmill	0	270	0.06	-1.01	0.24	0.13	0.21	0.03
1	WalkTreadmill	0	300	0.06	-1.01	0.24	0.13	0.21	0.03
1	Transition	0	330	0.03	-1	0.23	0.18	0.82	0.06
1	JogTreadmill	0	360	0.02	-1	0.22	0.21	1.12	0.07
1	JogTreadmill	7.27	390	0.02	-0.99	0.24	0.23	1.03	0.08
1	JogTreadmill	7.87	420	0.01	-1	0.23	0.22	0.98	0.07
1	JogTreadmill	8.4	450	0.01	-1	0.23	0.23	1	0.07
1	JogTreadmill	8.95	480	0.01	-1	0.23	0.24	1.02	0.07
1	Transition	8	510	0.03	-1	0.23	0.13	0.45	0.04
1	Transition	6.73	540	0.02	-1.01	0.25	0.07	0.12	0.02
1	WalkBrisk	6.44	570	0.03	-1	0.25	0.09	0.19	0.03
1	WalkBrisk	5.61	600	0.04	-1.01	0.25	0.12	0.21	0.04
1	WalkBrisk	6.53	630	0.04	-1.01	0.24	0.13	0.21	0.04
1	WalkBrisk	6.54	660	0.03	-1	0.26	0.1	0.22	0.03
1	WalkBrisk	6.06	690	0.03	-1.01	0.24	0.11	0.21	0.04
1	WalkBrisk	6.12	720	0.05	-1.01	0.24	0.11	0.19	0.04
1	WalkBrisk	6.21	750	0.03	-1	0.26	0.1	0.2	0.03
1	WalkBrisk	6.15	780	0.03	-1.01	0.26	0.11	0.24	0.04
1	WalkBrisk	6.46	810	0.04	-1.01	0.25	0.13	0.25	0.04
1	WalkBrisk	6.22	840	0.04	-1.01	0.26	0.12	0.24	0.04
1	Transition	5.49	870	0.03	-1	0.25	0.04	0.05	0.02
1	Transition	4.55	900	0.04	-1	0.23	0.04	0.14	0.02
1	Stairs	6.87	930	0.04	-1.01	0.22	0.08	0.23	0.03
1	Stairs	7.96	960	0.03	-1	0.23	0.07	0.15	0.03
1	Stairs	8.14	990	0.05	-1	0.23	0.05	0.09	0.02
1	Stairs	8.22	1020	0.04	-0.99	0.24	0.06	0.11	0.02
1	Stairs	8.25	1050	0.04	-1	0.23	0.06	0.11	0.02
1	Stairs	8.49	1080	0.06	-1	0.22	0.07	0.12	0.02
1	Transition	7.14	1110	0.02	-1	0.25	0.02	0.05	0.01
1	Transition	4.95	1140	0.29	-0.92	0.22	0.05	0.02	0.01
1	Vacuuming	4.79	1170	0.14	-0.99	0.21	0.02	0.01	0.02
1	Vacuuming	4.63	1200	0.13	-0.99	0.2	0.02	0.02	0.02
1	Vacuuming	5.25	1230	0.16	-0.97	0.21	0.04	0.01	0.03
1	Vacuuming	4.16	1260	0.13	-0.98	0.23	0.02	0.01	0.02
1	Vacuuming	4.92	1290	0.1	-1	0.21	0.02	0.01	0.01
1	Vacuuming	3.89	1320	0.1	-0.99	0.23	0.02	0.01	0.02
1	Vacuuming	3.77	1350	0.07	-0.99	0.23	0.02	0.01	0.02
1	Vacuuming	3.56	1380	0.07	-0.98	0.25	0.02	0.01	0.02
1	Vacuuming	3.81	1410	0.08	-0.99	0.24	0.02	0.01	0.02
1	Vacuuming	3.53	1440	0.13	-0.98	0.22	0.02	0.01	0.03
1	Transition	3.18	1470	0.3	-0.88	0.14	0.11	0.04	0.03
1	Gardening	3.55	1500	0.64	-0.71	0.06	0.04	0.02	0.03
1	Gardening	3.05	1530	0.51	-0.77	0.42	0	0	0
1	Gardening	2.65	1560	0.37	-0.89	0.3	0.01	0.01	0
1	Gardening	2.91	1590	0.35	-0.89	0.32	0.01	0	0.01
1	Gardening	2.88	1620	0.35	-0.91	0.28	0	0	0
1	Gardening	2.32	1650	0.29	-0.92	0.31	0.01	0	0
1	Transition	4	1680	0.15	-0.97	0.19	0.04	0.02	0.02
1	Sweeping	4.23	1710	0.15	-0.99	0.21	0.01	0.01	0.02
1	Sweeping	4.61	1740	0.11	-0.99	0.23	0.02	0.01	0.02
1	Sweeping	4.3	1770	0.09	-0.99	0.23	0.02	0.01	0.01
1	Sweeping	4.2	1800	0.08	-0.99	0.26	0.01	0.01	0.02
1	Sweeping	3.99	1830	0.13	-0.98	0.24	0.02	0.01	0.02
1	Sweeping	3.94	1860	0.07	-1	0.2	0.01	0.01	0.01
1	Sweeping	4.02	1890	0.1	-0.99	0.22	0.02	0.01	0.02
1	Sweeping	4.18	1920	0.03	-1.01	0.21	0.02	0.01	0.02
1	Sweeping	4.12	1950	0.06	-1	0.19	0.02	0.01	0.02
1	Sweeping	4.3	1980	0.08	-1	0.21	0.02	0.01	0.01
1	Transition	3.72	2010	0.02	-1	0.23	0.02	0.01	0.01
1	MakingBed	3.11	2040	-0.03	-1	0.22	0.02	0	0.01
1	MakingBed	3.49	2070	0.19	-0.95	0.21	0.06	0.02	0.03
1	MakingBed	3.45	2100	0.18	-0.96	0.17	0.06	0.02	0.03
1	MakingBed	4.46	2130	0.17	-0.97	0.18	0.05	0.01	0.01
1	MakingBed	4.34	2160	0.09	-0.98	0.19	0.06	0.01	0.02
1	MakingBed	3.25	2190	0.06	-0.97	0.19	0.06	0.01	0.02
1	MakingBed	3.82	2220	0.17	-0.97	0.16	0.04	0.01	0.02
1	Transition	3.09	2250	0.03	-0.99	0.26	0.02	0.01	0.01
1	Transition	2.62	2280	-0.11	-0.99	0.2	0.06	0.02	0.01
1	Computer	1.97	2310	-0.53	-0.89	0.21	0	0	0
1	Computer	1.66	2340	-0.61	-0.84	0.2	0	0	0
1	Computer	1.39	2370	-0.61	-0.84	0.2	0	0	0
1	Computer	1.21	2400	-0.62	-0.83	0.19	0	0	0
1	Computer	1.25	2430	-0.62	-0.83	0.19	0	0	0
1	Computer	1.07	2460	-0.61	-0.84	0.19	0	0	0
1	Computer	1.08	2490	-0.61	-0.84	0.19	0	0	0
1	Computer	1.15	2520	-0.61	-0.83	0.19	0	0	0
1	Computer	1.01	2550	-0.62	-0.83	0.19	0	0	0
1	Computer	1.27	2580	-0.62	-0.84	0.18	0	0	0
1	Computer	0.92	2610	-0.63	-0.83	0.19	0	0	0
1	Computer	1.01	2640	-0.63	-0.83	0.19	0	0	0
1	Computer	1.15	2670	-0.63	-0.83	0.19	0	0	0
1	Computer	1.15	2700	-0.63	-0.82	0.18	0	0	0
1	Computer	1.06	2730	-0.64	-0.82	0.18	0	0	0
1	Computer	1.14	2760	-0.64	-0.83	0.17	0	0	0
1	Computer	0.87	2790	-0.64	-0.82	0.17	0	0	0
1	Computer	0.84	2820	-0.64	-0.82	0.17	0	0	0
1	Computer	0.89	2850	-0.64	-0.82	0.17	0	0	0
1	Computer	1.02	2880	-0.64	-0.82	0.18	0	0	0
1	Transition	1.1	2910	-0.67	-0.77	0.19	0.01	0.01	0.01
1	Reading	1.45	2940	-0.73	-0.74	0.13	0	0	0
1	Reading	1.08	2970	-0.74	-0.74	0.13	0	0	0
1	Reading	0.92	3000	-0.74	-0.73	0.14	0	0	0
1	Reading	1.13	3030	-0.74	-0.73	0.15	0	0	0
1	Reading	0.81	3060	-0.74	-0.73	0.15	0	0	0
1	Reading	1.1	3090	-0.74	-0.73	0.15	0	0	0
1	Reading	1.08	3120	-0.74	-0.73	0.14	0	0	0
1	Reading	0.94	3150	-0.74	-0.73	0.15	0	0	0
1	Reading	1.02	3180	-0.74	-0.73	0.15	0	0	0
1	Reading	0.85	3210	-0.74	-0.73	0.14	0	0	0
1	Reading	0.89	3240	-0.74	-0.73	0.14	0	0	0
1	Transition	0.88	3270	-0.71	-0.71	0.28	0.01	0.01	0
1	WatchTV	1.37	3300	-0.84	-0.55	0.28	0	0	0
1	WatchTV	1.18	3330	-0.84	-0.55	0.28	0	0	0
1	WatchTV	0.98	3360	-0.84	-0.55	0.29	0	0	0
1	WatchTV	0.81	3390	-0.84	-0.55	0.29	0	0	0
1	WatchTV	0.96	3420	-0.84	-0.55	0.3	0	0	0
1	WatchTV	0.62	3450	-0.84	-0.54	0.31	0	0	0
1	WatchTV	1.14	3480	-0.83	-0.54	0.31	0	0	0
1	WatchTV	0.98	3510	-0.83	-0.57	0.25	0	0	0.01
1	WatchTV	1.13	3540	-0.84	-0.62	0.12	0	0	0
1	WatchTV	0.95	3570	-0.84	-0.61	0.13	0	0	0
1	WatchTV	0.94	3600	-0.84	-0.61	0.13	0	0	0
1	WatchTV	1	3630	-0.84	-0.62	0.13	0	0	0
1	WatchTV	0.86	3660	-0.84	-0.62	0.12	0	0	0
1	WatchTV	1.17	3690	-0.83	-0.62	0.12	0	0	0
1	WatchTV	0.85	3720	-0.83	-0.63	0.12	0	0	0
1	WatchTV	0.79	3750	-0.83	-0.62	0.12	0	0	0
1	WatchTV	1.01	3780	-0.83	-0.63	0.11	0	0	0
1	WatchTV	0.83	3810	-0.83	-0.63	0.11	0	0	0
1	WatchTV	0.85	3840	-0.83	-0.63	0.11	0	0	0
1	WatchTV	0.91	3870	-0.83	-0.63	0.11	0	0	0
1	WatchTV	1.03	3900	-0.83	-0.63	0.11	0	0	0
1	Transition	1.26	3930	-0.46	-0.54	0.32	0.23	0.21	0.03
1	Lying	2.44	3960	-0.91	-0.32	0.37	0	0	0
1	Lying	2.22	3990	-0.92	-0.29	0.35	0	0	0
1	Lying	1.75	4020	-0.93	-0.29	0.34	0	0	0
1	Lying	1.4	4050	-0.93	-0.29	0.34	0	0	0
1	Lying	1.15	4080	-0.93	-0.31	0.34	0	0	0
1	Lying	1.32	4110	-0.92	-0.31	0.34	0	0	0
1	Lying	1.01	4140	-0.92	-0.31	0.34	0	0	0
1	Lying	1.18	4170	-0.92	-0.31	0.34	0	0	0
1	Lying	1.33	4200	-0.93	-0.31	0.34	0	0	0
1	Lying	1.08	4230	-0.93	-0.31	0.34	0	0	0
1	Lying	1.36	4260	-0.93	-0.31	0.34	0	0	0
1	Lying	0.88	4290	-0.93	-0.31	0.34	0	0	0
1	Lying	1.03	4320	-0.93	-0.32	0.33	0	0	0
1	Lying	0.93	4350	-0.93	-0.32	0.33	0	0	0
1	Lying	0.91	4380	-0.93	-0.32	0.33	0	0	0
1	Lying	0.72	4410	-0.93	-0.32	0.33	0	0	0
1	Lying	0.81	4440	-0.93	-0.32	0.33	0	0	0
1	Lying	1.08	4470	-0.93	-0.32	0.33	0	0	0
1	Lying	0.63	4500	-0.93	-0.32	0.33	0	0	0
1	Lying	1.05	4530	-0.93	-0.32	0.33	0	0	0
1	Lying	0.98	4560	-0.93	-0.32	0.33	0	0	0
1	Lying	0.87	4590	-0.93	-0.32	0.33	0	0	0
1	Lying	0.58	4620	-0.93	-0.32	0.33	0	0	0
1	Lying	1	4650	-0.93	-0.32	0.33	0	0	0
1	Lying	1.18	4680	-0.92	-0.32	0.33	0	0	0
1	Lying	0.73	4710	-0.93	-0.32	0.33	0	0	0
1	Lying	0.83	4740	-0.93	-0.32	0.33	0	0	0
1	Lying	0.97	4770	-0.93	-0.32	0.33	0	0	0
1	Lying	1.15	4800	-0.92	-0.32	0.33	0	0	0
